Name: Red-orange sandy loam/alluvium
Type:  Soils
Class: Entisol
Subclass: 
Particle Size:  see additional information
Sample No.: fgg007
Owner:  University of NSW
Wavelength range:  All
Origin: Fowlers Gap, western New South Wales, Australia
Hewson(1998) PhD thesis 
Description: Parent material consists of aeolian silts/clays and sandstone debris.

Physiography: Alluvium along creek on footslopes of sandstone (Nundooka Sandstone) outcropping hills



Measurement: Directional hemispherical reflectance 
First Column:  X
Second Column:  Y
X Units:  Wavelength (micrometers)
Y Units:  Reflectance (percent)
First X Value:  14.0131
Last X Value:  2.00032
Number of X Values:  2223
Additional information:  fgg007a.txt
14.013    1.4771
13.975    1.4822
13.938    1.6308
13.900    1.6776
13.863    1.4991
13.826    1.4760
13.790    1.4601
13.753    1.5916
13.717    1.5931
13.680    1.5704
13.644    1.7887
13.608    1.9785
13.573    1.7583
13.537    1.5721
13.502    1.6539
13.467    1.7689
13.432    1.8762
13.398    1.8854
13.363    1.7877
13.329    1.8385
13.294    1.8118
13.260    1.7656
13.227    1.8030
13.193    1.8541
13.160    1.7497
13.126    1.5989
13.093    1.7251
13.060    1.8579
13.027    1.9524
12.995    2.0947
12.962    2.1894
12.930    2.0731
12.898    2.0550
12.866    2.2452
12.834    2.3039
12.802    2.2431
12.771    2.1509
12.739    2.1575
12.708    2.1562
12.677    1.9846
12.646    1.9640
12.615    2.1651
12.585    2.2748
12.554    2.2793
12.524    2.2548
12.494    2.0885
12.464    1.8883
12.434    1.8423
12.404    1.6871
12.374    1.4070
12.345    1.3726
12.316    1.4658
12.286    1.4448
12.257    1.4675
12.228    1.5474
12.200    1.6016
12.171    1.6375
12.143    1.7625
12.114    1.7875
12.086    1.8240
12.058    1.8850
12.030    1.7912
12.002    1.8531
11.974    2.0353
11.947    2.0981
11.919    2.1111
11.892    2.2090
11.865    2.2018
11.838    2.2342
11.811    2.2580
11.784    2.2386
11.757    2.3681
11.730    2.5267
11.704    2.5251
11.678    2.5059
11.651    2.5457
11.625    2.5124
11.599    2.4075
11.573    2.4488
11.547    2.5365
11.522    2.4794
11.496    2.4171
11.471    2.4478
11.445    2.5453
11.420    2.6125
11.395    2.5943
11.370    2.7159
11.345    2.7334
11.321    2.6339
11.296    2.6182
11.271    2.5863
11.247    2.4577
11.223    2.6021
11.198    2.7102
11.174    2.7162
11.150    2.8302
11.126    2.8256
11.102    2.8354
11.079    2.8627
11.055    2.9153
11.032    3.0123
11.008    3.1156
10.985    3.1595
10.962    3.1050
10.938    2.9125
10.915    2.7108
10.893    2.6015
10.870    2.5721
10.847    2.6553
10.824    2.5755
10.802    2.5174
10.779    2.5747
10.757    2.5870
10.735    2.5389
10.713    2.6173
10.690    2.6248
10.668    2.6073
10.647    2.5768
10.625    2.6081
10.603    2.6497
10.581    2.6809
10.560    2.6543
10.538    2.6310
10.517    2.6369
10.496    2.7826
10.474    2.8636
10.453    2.9753
10.432    3.0826
10.411    3.0391
10.390    3.0492
10.370    3.1298
10.349    3.2653
10.328    3.4668
10.308    3.6039
10.287    3.7042
10.267    3.6869
10.247    3.8092
10.227    3.9417
10.206    3.9680
10.186    4.0735
10.166    4.2258
10.146    4.4310
10.127    4.5575
10.107    4.6999
10.087    4.8094
10.068    4.9048
10.048    4.9877
10.029    5.2817
10.009    5.5290
 9.990    5.5635
 9.971    5.6902
 9.952    5.9436
 9.933    6.1110
 9.914    6.1861
 9.895    6.1832
 9.876    6.1131
 9.857    6.1133
 9.838    6.2081
 9.820    6.3102
 9.801    6.3838
 9.783    6.5525
 9.764    6.7456
 9.746    7.1617
 9.728    7.5833
 9.709    7.7936
 9.691    7.9061
 9.673    8.0152
 9.655    8.1653
 9.637    8.4005
 9.619    8.5626
 9.602    8.6276
 9.584    8.7793
 9.566    8.9153
 9.549    9.0061
 9.531    9.0804
 9.514    9.3271
 9.496    9.5587
 9.479    9.6972
 9.461    9.7267
 9.444    9.7967
 9.427   10.0222
 9.410   10.2056
 9.393   10.3381
 9.376   10.4492
 9.359   10.4684
 9.342   10.5097
 9.325   10.4203
 9.309   10.1932
 9.292   10.0850
 9.275    9.9932
 9.259    9.8455
 9.242    9.5159
 9.226    9.3020
 9.209    9.2202
 9.193    9.1096
 9.177    8.9080
 9.161    8.6091
 9.144    8.3250
 9.128    8.1534
 9.112    7.9312
 9.096    7.7083
 9.080    7.6585
 9.064    7.5407
 9.049    7.3840
 9.033    7.2789
 9.017    7.1754
 9.002    6.9599
 8.986    6.8301
 8.970    6.8986
 8.955    7.1312
 8.939    7.4520
 8.924    7.9143
 8.909    8.0902
 8.893    8.0350
 8.878    8.1955
 8.863    8.3131
 8.848    8.3724
 8.833    8.3334
 8.818    8.3392
 8.803    8.2976
 8.788    8.1532
 8.773    8.0810
 8.758    8.0436
 8.743    8.0205
 8.729    7.9282
 8.714    7.6979
 8.699    7.5535
 8.685    7.4237
 8.670    7.1733
 8.656    6.8444
 8.641    6.4375
 8.627    6.3155
 8.613    6.5029
 8.598    6.8144
 8.584    7.1971
 8.570    7.4235
 8.556    7.5906
 8.542    7.8161
 8.528    8.0909
 8.514    8.1699
 8.500    8.0505
 8.486    8.0676
 8.472    8.1764
 8.458    8.2413
 8.444    8.4461
 8.431    8.5109
 8.417    8.5771
 8.403    8.7517
 8.390    8.8617
 8.376    8.9783
 8.363    9.0479
 8.349    9.1952
 8.336    9.4136
 8.322    9.6065
 8.309    9.8128
 8.296   10.0285
 8.283   10.3008
 8.269   10.5125
 8.256   10.6690
 8.243   10.8450
 8.230   10.8999
 8.217   11.0625
 8.204   11.1097
 8.191   11.0336
 8.178   10.9060
 8.165   10.6299
 8.152   10.2681
 8.140    9.9054
 8.127    9.3863
 8.114    8.8859
 8.101    8.3904
 8.089    7.9603
 8.076    7.5343
 8.063    7.0970
 8.051    6.6451
 8.039    6.1920
 8.026    5.7935
 8.014    5.4802
 8.001    5.3067
 7.989    5.0460
 7.977    4.6398
 7.964    4.4180
 7.952    4.2026
 7.940    3.9775
 7.928    3.8153
 7.916    3.6077
 7.904    3.3642
 7.892    3.0890
 7.880    2.8870
 7.868    2.7695
 7.856    2.6475
 7.844    2.4931
 7.832    2.3880
 7.820    2.4407
 7.809    2.4857
 7.797    2.4470
 7.785    2.4293
 7.773    2.3989
 7.762    2.3317
 7.750    2.3224
 7.739    2.2787
 7.727    2.2727
 7.715    2.2322
 7.704    2.2027
 7.693    2.2153
 7.681    2.1094
 7.670    1.9604
 7.659    2.0114
 7.647    1.9966
 7.636    1.8919
 7.625    1.8812
 7.614    1.8736
 7.602    1.8573
 7.591    1.8122
 7.580    1.8845
 7.569    1.9008
 7.558    1.8086
 7.547    1.8052
 7.536    1.8359
 7.525    1.9079
 7.514    1.9219
 7.503    1.8625
 7.492    1.8453
 7.482    1.8368
 7.471    1.8100
 7.460    1.7991
 7.449    1.8576
 7.439    1.8938
 7.428    1.8163
 7.418    1.8229
 7.407    1.8641
 7.396    1.8736
 7.386    1.8185
 7.375    1.8086
 7.365    1.8782
 7.354    1.9591
 7.344    1.9081
 7.334    1.8050
 7.323    1.8747
 7.313    2.0036
 7.303    2.0411
 7.292    1.9602
 7.282    1.9791
 7.272    2.0272
 7.262    2.0517
 7.252    2.1465
 7.241    2.1252
 7.231    1.9994
 7.221    2.0808
 7.211    2.1859
 7.201    2.2143
 7.191    2.2432
 7.181    2.2757
 7.171    2.3335
 7.161    2.3401
 7.152    2.2609
 7.142    2.3214
 7.132    2.3520
 7.122    2.3485
 7.112    2.3453
 7.103    2.3261
 7.093    2.3141
 7.083    2.3149
 7.073    2.3951
 7.064    2.5696
 7.054    2.4476
 7.045    2.3573
 7.035    2.4103
 7.026    2.5014
 7.016    2.4891
 7.007    2.4936
 6.997    2.5444
 6.988    2.6147
 6.978    2.6372
 6.969    2.6405
 6.960    2.6952
 6.950    2.7765
 6.941    2.7481
 6.932    2.7506
 6.922    2.7506
 6.913    2.8144
 6.904    2.8513
 6.895    2.7962
 6.886    2.8225
 6.876    2.8970
 6.867    2.8583
 6.858    2.8271
 6.849    2.8643
 6.840    2.8711
 6.831    2.9106
 6.822    2.9016
 6.813    2.9411
 6.804    3.0246
 6.795    3.0671
 6.786    2.9581
 6.778    2.8415
 6.769    2.8690
 6.760    2.8988
 6.751    2.9461
 6.742    2.9874
 6.734    2.9717
 6.725    2.8320
 6.716    2.7706
 6.707    2.8232
 6.699    2.9137
 6.690    3.0141
 6.681    3.0159
 6.673    2.9238
 6.664    2.9979
 6.656    3.1285
 6.647    3.1763
 6.639    3.2144
 6.630    3.0990
 6.622    3.0597
 6.613    3.0778
 6.605    3.0203
 6.596    3.0549
 6.588    3.0534
 6.580    2.9489
 6.571    2.8772
 6.563    2.8781
 6.555    2.9549
 6.547    2.9905
 6.538    3.0291
 6.530    3.0868
 6.522    3.1774
 6.514    3.2844
 6.505    3.3516
 6.497    3.3505
 6.489    3.5090
 6.481    3.6646
 6.473    3.6771
 6.465    3.7683
 6.457    3.9068
 6.449    3.8989
 6.441    3.8506
 6.433    3.9330
 6.425    3.9869
 6.417    3.8163
 6.409    3.7589
 6.401    3.7482
 6.393    3.7306
 6.385    3.6860
 6.377    3.5358
 6.370    3.4138
 6.362    3.4348
 6.354    3.3675
 6.346    3.2287
 6.338    3.1365
 6.331    3.1150
 6.323    3.0406
 6.315    2.9141
 6.308    2.7418
 6.300    2.6404
 6.292    2.5361
 6.285    2.4676
 6.277    2.4596
 6.269    2.4586
 6.262    2.3816
 6.254    2.2404
 6.247    2.1532
 6.239    2.2117
 6.232    2.1683
 6.224    1.9843
 6.217    1.8758
 6.209    1.7817
 6.202    1.7441
 6.194    1.7123
 6.187    1.6890
 6.180    1.7020
 6.172    1.6701
 6.165    1.6746
 6.158    1.5825
 6.151    1.5924
 6.143    1.5297
 6.136    1.4718
 6.129    1.4439
 6.121    1.4601
 6.114    1.5350
 6.107    1.5780
 6.100    1.5047
 6.093    1.4981
 6.085    1.5212
 6.078    1.5281
 6.071    1.5595
 6.064    1.6026
 6.057    1.6506
 6.050    1.6488
 6.043    1.5892
 6.036    1.5683
 6.029    1.6633
 6.022    1.7419
 6.015    1.7465
 6.008    1.7260
 6.001    1.7757
 5.994    1.8866
 5.987    1.9009
 5.980    1.9422
 5.973    2.0581
 5.966    2.0319
 5.960    2.0289
 5.953    2.0258
 5.946    2.0487
 5.939    2.1067
 5.932    2.1782
 5.926    2.2929
 5.919    2.3734
 5.912    2.4166
 5.905    2.4864
 5.899    2.6089
 5.892    2.8112
 5.885    2.9709
 5.878    3.0570
 5.872    3.2628
 5.865    3.4328
 5.859    3.5457
 5.852    3.6247
 5.845    3.7493
 5.839    3.9474
 5.832    4.1138
 5.826    4.2161
 5.819    4.4133
 5.813    4.6731
 5.806    4.8180
 5.800    4.8803
 5.793    4.9955
 5.787    5.1715
 5.780    5.2531
 5.774    5.3612
 5.767    5.5053
 5.761    5.6544
 5.755    5.8097
 5.748    5.9816
 5.742    6.0932
 5.735    6.2133
 5.729    6.3873
 5.723    6.4660
 5.716    6.4758
 5.710    6.5530
 5.704    6.6098
 5.698    6.6336
 5.691    6.6518
 5.685    6.6225
 5.679    6.5411
 5.673    6.3746
 5.667    6.1548
 5.660    5.9080
 5.654    5.7292
 5.648    5.5905
 5.642    5.4058
 5.636    5.2356
 5.630    5.1279
 5.623    4.9894
 5.617    4.8516
 5.611    4.8298
 5.605    4.8635
 5.599    4.8442
 5.593    4.8929
 5.587    4.9072
 5.581    4.7605
 5.575    4.6933
 5.569    4.7700
 5.563    4.8292
 5.557    4.8424
 5.551    4.9079
 5.545    5.0010
 5.539    5.0321
 5.533    5.0195
 5.527    5.0910
 5.522    5.1933
 5.516    5.3612
 5.510    5.4991
 5.504    5.5597
 5.498    5.6483
 5.492    5.7038
 5.487    5.7896
 5.481    5.9023
 5.475    6.0365
 5.469    6.1310
 5.463    6.1208
 5.458    6.1303
 5.452    6.1717
 5.446    6.1926
 5.441    6.2085
 5.435    6.1987
 5.429    5.9901
 5.423    5.7973
 5.418    5.7409
 5.412    5.5457
 5.407    5.3276
 5.401    5.1429
 5.395    4.8895
 5.390    4.6658
 5.384    4.5121
 5.378    4.3618
 5.373    4.2701
 5.367    4.2179
 5.362    4.1114
 5.356    4.1171
 5.351    4.1462
 5.345    4.0965
 5.340    4.1402
 5.334    4.1545
 5.329    4.2327
 5.323    4.3191
 5.318    4.3149
 5.312    4.3712
 5.307    4.4235
 5.301    4.4197
 5.296    4.4696
 5.291    4.5408
 5.285    4.6792
 5.280    4.7736
 5.274    4.8093
 5.269    4.9199
 5.264    5.0150
 5.258    5.1958
 5.253    5.3918
 5.248    5.5893
 5.242    5.7724
 5.237    5.9656
 5.232    6.1818
 5.227    6.4689
 5.221    6.8319
 5.216    6.9974
 5.211    7.0515
 5.206    7.2225
 5.200    7.2905
 5.195    7.2544
 5.190    7.2855
 5.185    7.2815
 5.180    7.2642
 5.175    7.2933
 5.169    7.3167
 5.164    7.2682
 5.159    7.2409
 5.154    7.2370
 5.149    7.2391
 5.144    7.2557
 5.139    7.2515
 5.133    7.2564
 5.128    7.2116
 5.123    7.2929
 5.118    7.3506
 5.113    7.3066
 5.108    7.3076
 5.103    7.2853
 5.098    7.2732
 5.093    7.2761
 5.088    7.1913
 5.083    7.0731
 5.078    6.9962
 5.073    6.9473
 5.068    7.0032
 5.063    7.0232
 5.058    6.9642
 5.053    6.9566
 5.048    6.9469
 5.044    6.9168
 5.039    6.9722
 5.034    7.0030
 5.029    6.9927
 5.024    7.0302
 5.019    7.0441
 5.014    6.9826
 5.010    6.9827
 5.005    7.0340
 5.000    7.0948
 4.995    7.2595
 4.990    7.3731
 4.985    7.4619
 4.981    7.5921
 4.976    7.8279
 4.971    8.0228
 4.966    8.2143
 4.962    8.4636
 4.957    8.6786
 4.952    8.9171
 4.947    9.0912
 4.943    9.1908
 4.938    9.3735
 4.933    9.5137
 4.929    9.6589
 4.924    9.9293
 4.919   10.2045
 4.915   10.5057
 4.910   10.9019
 4.905   11.3671
 4.901   11.8660
 4.896   12.4686
 4.891   13.0496
 4.887   13.5329
 4.882   13.9893
 4.878   14.4319
 4.873   14.8361
 4.868   15.2512
 4.864   15.5537
 4.859   15.7132
 4.855   15.9351
 4.850   16.1638
 4.846   16.4079
 4.841   16.6273
 4.837   16.8069
 4.832   16.9237
 4.828   17.0899
 4.823   17.2462
 4.819   17.3690
 4.814   17.5230
 4.810   17.6917
 4.805   17.8053
 4.801   17.8320
 4.796   17.9089
 4.792   18.0013
 4.787   18.1442
 4.783   18.2643
 4.779   18.3482
 4.774   18.4396
 4.770   18.5633
 4.766   18.6623
 4.761   18.6729
 4.757   18.7733
 4.752   18.8657
 4.748   18.9272
 4.744   19.0064
 4.739   19.0593
 4.735   19.0723
 4.731   19.0784
 4.726   19.1472
 4.722   19.1459
 4.718   19.0609
 4.713   19.0937
 4.709   19.0184
 4.705   18.8643
 4.701   18.7526
 4.696   18.6867
 4.692   18.5835
 4.688   18.4280
 4.684   18.3652
 4.680   18.3408
 4.675   18.4287
 4.671   18.6447
 4.667   18.8004
 4.663   19.0383
 4.658   19.3111
 4.654   19.4523
 4.650   19.6001
 4.646   19.7860
 4.642   19.9782
 4.638   20.1645
 4.633   20.3011
 4.629   20.4235
 4.625   20.5294
 4.621   20.6218
 4.617   20.7183
 4.613   20.8742
 4.609   20.9925
 4.605   21.0599
 4.601   21.1563
 4.596   21.1940
 4.592   21.2142
 4.588   21.3062
 4.584   21.3495
 4.580   21.4233
 4.576   21.4598
 4.572   21.4567
 4.568   21.4446
 4.564   21.4492
 4.560   21.4839
 4.556   21.5190
 4.552   21.4946
 4.548   21.4231
 4.544   21.3416
 4.540   21.2192
 4.536   21.0676
 4.532   20.9488
 4.528   20.8634
 4.524   20.7035
 4.520   20.5757
 4.516   20.3915
 4.513   20.1709
 4.509   19.9415
 4.505   19.7108
 4.501   19.4873
 4.497   19.3917
 4.493   19.3406
 4.489   19.2516
 4.485   19.1722
 4.481   19.1801
 4.477   19.1493
 4.473   19.0978
 4.470   19.0535
 4.466   19.0598
 4.462   19.1511
 4.458   19.3360
 4.454   19.5707
 4.450   19.7457
 4.447   19.8914
 4.443   19.9202
 4.439   20.0609
 4.435   20.1964
 4.431   20.2805
 4.428   20.3628
 4.424   20.4608
 4.420   20.6360
 4.416   20.8285
 4.413   20.9695
 4.409   21.1051
 4.405   21.2651
 4.401   21.4334
 4.398   21.6249
 4.394   21.7772
 4.390   21.9298
 4.386   22.0690
 4.383   22.2951
 4.379   22.5717
 4.375   22.7348
 4.372   22.8643
 4.368   23.0192
 4.364   23.1861
 4.361   23.3148
 4.357   23.4912
 4.353   23.6935
 4.350   23.7327
 4.346   23.8336
 4.342   24.0040
 4.339   24.0909
 4.335   24.2072
 4.332   24.3095
 4.328   24.3950
 4.324   24.4091
 4.321   24.3800
 4.317   24.3934
 4.314   24.4880
 4.310   24.5370
 4.306   24.5261
 4.303   24.5199
 4.299   24.5524
 4.296   24.6122
 4.292   24.6276
 4.289   24.6336
 4.285   24.6522
 4.282   24.6762
 4.278   24.7824
 4.274   24.8543
 4.271   24.8130
 4.267   24.9128
 4.264   25.1001
 4.260   25.2063
 4.257   25.2598
 4.253   25.3927
 4.250   25.5687
 4.246   25.7000
 4.243   25.7580
 4.239   25.8143
 4.236   25.8488
 4.232   25.8619
 4.229   25.9486
 4.226   26.1026
 4.222   26.2062
 4.219   26.2400
 4.215   26.3083
 4.212   26.3273
 4.208   26.3842
 4.205   26.4084
 4.202   26.4687
 4.198   26.5165
 4.195   26.5026
 4.191   26.5399
 4.188   26.6161
 4.185   26.7583
 4.181   26.9043
 4.178   27.0076
 4.175   27.0975
 4.171   27.2202
 4.168   27.2965
 4.165   27.3303
 4.161   27.4136
 4.158   27.4792
 4.154   27.5063
 4.151   27.6169
 4.148   27.7952
 4.145   27.8855
 4.141   27.8741
 4.138   27.9033
 4.135   28.0616
 4.131   28.2389
 4.128   28.3219
 4.125   28.4297
 4.122   28.4905
 4.118   28.6138
 4.115   28.7910
 4.112   28.8584
 4.108   28.8495
 4.105   28.9412
 4.102   29.0538
 4.099   29.1281
 4.096   29.2712
 4.092   29.4066
 4.089   29.4211
 4.086   29.4045
 4.083   29.4610
 4.079   29.6209
 4.076   29.7872
 4.073   29.8915
 4.070   29.9866
 4.066   30.0404
 4.063   30.1084
 4.060   30.1664
 4.057   30.1414
 4.054   30.1181
 4.051   30.2177
 4.048   30.3005
 4.044   30.2833
 4.041   30.2836
 4.038   30.3870
 4.035   30.5482
 4.032   30.5921
 4.029   30.6009
 4.026   30.5764
 4.022   30.5964
 4.019   30.6809
 4.016   30.6677
 4.013   30.6310
 4.010   30.6839
 4.007   30.7664
 4.004   30.8031
 4.001   30.8076
 3.998   30.8032
 3.994   30.8693
 3.991   30.9676
 3.988   31.0296
 3.985   31.0987
 3.982   31.1455
 3.979   31.2066
 3.976   31.2538
 3.973   31.2680
 3.970   31.3056
 3.967   31.3353
 3.964   31.3700
 3.961   31.4243
 3.958   31.5125
 3.955   31.5661
 3.952   31.6363
 3.949   31.6759
 3.946   31.6356
 3.943   31.7046
 3.940   31.7445
 3.937   31.6630
 3.934   31.6268
 3.931   31.6990
 3.928   31.7743
 3.925   31.7576
 3.922   31.7989
 3.919   31.7693
 3.916   31.7387
 3.913   31.7890
 3.910   31.8142
 3.907   31.7344
 3.904   31.5770
 3.901   31.5219
 3.898   31.4937
 3.895   31.5263
 3.893   31.5651
 3.890   31.5248
 3.887   31.5194
 3.884   31.4924
 3.881   31.3641
 3.878   31.3152
 3.875   31.1862
 3.872   31.1119
 3.869   31.0741
 3.866   31.0103
 3.864   31.0562
 3.861   31.0911
 3.858   31.0338
 3.855   30.9752
 3.852   30.9033
 3.849   30.9024
 3.846   30.8663
 3.844   30.7423
 3.841   30.7807
 3.838   30.7957
 3.835   30.7079
 3.832   30.6223
 3.829   30.5444
 3.826   30.5409
 3.824   30.5595
 3.821   30.4877
 3.818   30.4643
 3.815   30.4535
 3.812   30.4397
 3.810   30.3534
 3.807   30.1987
 3.804   30.1077
 3.801   30.0552
 3.798   30.0074
 3.796   30.0202
 3.793   29.9740
 3.790   29.8482
 3.787   29.7099
 3.785   29.6996
 3.782   29.6558
 3.779   29.4625
 3.776   29.3471
 3.773   29.2548
 3.771   29.1675
 3.768   29.1270
 3.765   29.0297
 3.763   28.9259
 3.760   28.7925
 3.757   28.6881
 3.754   28.6317
 3.752   28.4841
 3.749   28.4076
 3.746   28.3591
 3.744   28.2318
 3.741   28.0608
 3.738   27.9235
 3.736   27.9503
 3.733   27.9827
 3.730   27.9356
 3.727   27.7962
 3.725   27.6484
 3.722   27.5146
 3.719   27.4645
 3.717   27.4755
 3.714   27.3912
 3.711   27.2399
 3.709   27.0873
 3.706   27.0376
 3.704   27.0012
 3.701   26.9189
 3.698   26.8307
 3.696   26.7322
 3.693   26.6341
 3.690   26.5621
 3.688   26.5907
 3.685   26.4759
 3.682   26.3449
 3.680   26.3031
 3.677   26.3117
 3.675   26.2255
 3.672   26.0533
 3.669   25.8906
 3.667   25.7544
 3.664   25.7611
 3.662   25.7257
 3.659   25.6249
 3.656   25.4936
 3.654   25.3684
 3.651   25.2817
 3.649   25.1825
 3.646   25.0937
 3.644   24.9866
 3.641   24.8982
 3.639   24.7793
 3.636   24.6984
 3.633   24.6125
 3.631   24.5356
 3.628   24.4074
 3.626   24.2083
 3.623   24.1129
 3.621   23.9860
 3.618   23.8238
 3.616   23.7552
 3.613   23.7099
 3.611   23.5366
 3.608   23.3673
 3.606   23.2455
 3.603   23.1470
 3.601   23.0106
 3.598   22.8878
 3.596   22.7889
 3.593   22.6857
 3.591   22.5906
 3.588   22.4986
 3.586   22.3610
 3.583   22.2272
 3.581   22.1039
 3.578   21.9041
 3.576   21.7712
 3.573   21.6859
 3.571   21.5369
 3.568   21.4169
 3.566   21.3121
 3.563   21.1296
 3.561   20.9980
 3.559   20.9762
 3.556   20.9100
 3.554   20.7517
 3.551   20.5523
 3.549   20.3832
 3.546   20.2961
 3.544   20.1492
 3.542   19.9580
 3.539   19.8698
 3.537   19.7874
 3.534   19.6904
 3.532   19.5286
 3.530   19.3121
 3.527   19.1903
 3.525   19.1250
 3.522   18.9789
 3.520   18.8450
 3.518   18.6253
 3.515   18.4078
 3.513   18.1875
 3.510   17.9647
 3.508   17.8446
 3.506   17.7623
 3.503   17.6460
 3.501   17.4728
 3.498   17.3766
 3.496   17.3698
 3.494   17.3641
 3.491   17.2660
 3.489   17.2035
 3.487   17.0983
 3.484   16.9595
 3.482   16.8512
 3.480   16.7851
 3.477   16.6724
 3.475   16.5902
 3.473   16.4721
 3.470   16.3107
 3.468   16.1852
 3.466   16.1156
 3.463   16.0003
 3.461   15.8433
 3.459   15.7067
 3.457   15.6585
 3.454   15.5164
 3.452   15.4600
 3.450   15.3895
 3.447   15.2072
 3.445   14.9893
 3.443   14.7898
 3.441   14.7094
 3.438   14.6122
 3.436   14.3761
 3.434   14.1970
 3.431   14.1088
 3.429   13.9804
 3.427   13.8005
 3.425   13.5865
 3.422   13.3747
 3.420   13.2163
 3.418   13.1147
 3.416   13.0868
 3.413   12.9925
 3.411   12.9239
 3.409   12.9012
 3.407   12.7214
 3.404   12.5405
 3.402   12.5658
 3.400   12.6634
 3.398   12.5586
 3.395   12.4463
 3.393   12.3997
 3.391   12.3184
 3.389   12.2503
 3.387   12.0324
 3.384   11.8440
 3.382   11.7945
 3.380   11.7949
 3.378   11.7536
 3.376   11.7000
 3.373   11.5931
 3.371   11.3861
 3.369   11.2227
 3.367   11.0738
 3.365   11.0178
 3.362   10.9751
 3.360   10.9003
 3.358   10.7545
 3.356   10.6919
 3.354   10.7017
 3.352   10.5673
 3.349   10.4104
 3.347   10.3471
 3.345   10.3055
 3.343   10.2040
 3.341   10.0533
 3.339    9.9821
 3.336    9.8544
 3.334    9.7901
 3.332    9.7068
 3.330    9.6102
 3.328    9.5403
 3.326    9.4565
 3.324    9.3561
 3.321    9.1645
 3.319    9.0647
 3.317    9.0303
 3.315    8.9346
 3.313    8.8498
 3.311    8.8471
 3.309    8.7895
 3.307    8.6644
 3.305    8.5146
 3.302    8.3772
 3.300    8.3417
 3.298    8.3285
 3.296    8.1981
 3.294    8.1057
 3.292    8.0568
 3.290    8.1059
 3.288    8.0546
 3.286    7.8376
 3.284    7.6444
 3.281    7.5007
 3.280    7.4651
 3.277    7.3970
 3.275    7.2517
 3.273    7.2287
 3.271    7.2627
 3.269    7.1836
 3.267    7.0424
 3.265    6.9672
 3.263    6.8984
 3.261    6.7919
 3.259    6.7854
 3.257    6.8092
 3.255    6.7238
 3.253    6.5499
 3.251    6.4303
 3.249    6.4012
 3.247    6.3758
 3.245    6.1697
 3.243    6.0666
 3.240    6.1375
 3.239    6.1023
 3.236    6.0590
 3.235    5.9446
 3.232    5.8792
 3.230    5.9505
 3.228    5.8402
 3.226    5.6426
 3.224    5.6555
 3.222    5.6962
 3.220    5.6906
 3.218    5.4974
 3.216    5.3288
 3.214    5.4766
 3.212    5.5387
 3.210    5.4070
 3.208    5.2645
 3.207    5.1784
 3.204    5.0124
 3.203    4.9057
 3.200    4.8654
 3.199    4.7501
 3.197    4.7113
 3.195    4.7024
 3.193    4.7566
 3.191    4.8240
 3.189    4.6986
 3.187    4.6333
 3.185    4.6567
 3.183    4.5435
 3.181    4.3735
 3.179    4.3912
 3.177    4.4819
 3.175    4.5007
 3.173    4.4666
 3.171    4.3737
 3.169    4.2391
 3.167    4.1093
 3.165    3.9926
 3.163    4.0074
 3.162    4.0307
 3.160    3.9708
 3.158    3.8301
 3.156    3.8104
 3.154    3.9049
 3.152    3.8843
 3.150    3.8204
 3.148    3.7796
 3.146    3.7510
 3.144    3.7239
 3.142    3.7035
 3.140    3.5987
 3.139    3.5171
 3.137    3.5167
 3.135    3.5073
 3.133    3.4969
 3.131    3.4450
 3.129    3.4794
 3.127    3.4252
 3.125    3.4055
 3.123    3.3525
 3.122    3.3099
 3.120    3.3311
 3.118    3.2051
 3.116    3.0868
 3.114    3.1197
 3.112    3.2599
 3.110    3.3251
 3.108    3.2136
 3.107    3.0836
 3.105    3.1690
 3.103    3.2035
 3.101    3.1135
 3.099    3.0279
 3.097    2.9981
 3.095    2.9902
 3.094    2.9886
 3.092    2.9387
 3.090    2.9598
 3.088    2.9988
 3.086    2.8783
 3.084    2.8507
 3.083    2.8137
 3.081    2.8348
 3.079    2.8940
 3.077    2.8687
 3.075    2.8167
 3.073    2.7379
 3.072    2.7447
 3.070    2.7909
 3.068    2.7541
 3.066    2.6898
 3.064    2.8394
 3.063    2.8758
 3.061    2.7147
 3.059    2.6379
 3.057    2.7106
 3.055    2.6481
 3.054    2.6659
 3.052    2.7161
 3.050    2.7738
 3.048    2.7683
 3.046    2.7245
 3.045    2.6796
 3.043    2.6613
 3.041    2.6721
 3.039    2.6545
 3.037    2.6727
 3.036    2.6126
 3.034    2.5560
 3.032    2.6164
 3.030    2.6603
 3.029    2.6174
 3.027    2.6092
 3.025    2.6766
 3.023    2.7021
 3.022    2.5865
 3.020    2.4471
 3.018    2.4413
 3.016    2.4184
 3.014    2.3450
 3.013    2.3742
 3.011    2.3922
 3.009    2.3842
 3.007    2.3849
 3.006    2.3717
 3.004    2.4193
 3.002    2.4673
 3.001    2.4189
 2.999    2.3820
 2.997    2.3986
 2.995    2.4486
 2.994    2.5648
 2.992    2.5387
 2.990    2.3482
 2.988    2.1839
 2.987    2.3242
 2.985    2.3631
 2.983    2.2434
 2.982    2.3275
 2.980    2.3234
 2.978    2.2759
 2.976    2.2721
 2.975    2.3118
 2.973    2.3978
 2.971    2.3264
 2.970    2.1860
 2.968    2.1441
 2.966    2.1728
 2.965    2.2350
 2.963    2.3420
 2.961    2.3980
 2.959    2.3626
 2.958    2.2388
 2.956    2.1810
 2.954    2.2146
 2.953    2.2549
 2.951    2.2505
 2.949    2.1901
 2.948    2.2513
 2.946    2.2206
 2.944    2.1900
 2.943    2.1528
 2.941    2.1846
 2.939    2.2555
 2.938    2.1563
 2.936    2.1416
 2.934    2.0243
 2.933    2.0877
 2.931    2.2020
 2.929    2.0657
 2.928    2.0125
 2.926    2.1990
 2.924    2.2749
 2.923    2.2178
 2.921    2.1643
 2.919    2.0838
 2.918    2.0859
 2.916    2.1739
 2.914    2.2677
 2.913    2.0903
 2.911    2.0485
 2.910    2.2308
 2.908    2.3727
 2.906    2.4561
 2.905    2.1901
 2.903    2.0113
 2.901    2.0635
 2.900    2.0789
 2.898    2.1890
 2.897    2.1938
 2.895    2.1223
 2.893    2.2202
 2.892    2.2805
 2.890    2.2256
 2.889    2.1929
 2.887    2.2548
 2.885    2.3311
 2.884    2.2519
 2.882    2.2481
 2.881    2.2554
 2.879    2.2763
 2.877    2.2922
 2.876    2.1356
 2.874    2.0826
 2.873    2.2416
 2.871    2.3443
 2.869    2.2586
 2.868    2.2547
 2.866    2.2396
 2.865    2.2661
 2.863    2.2489
 2.861    2.2698
 2.860    2.4896
 2.858    2.5323
 2.857    2.3218
 2.855    2.2729
 2.853    2.2400
 2.852    2.1128
 2.850    2.3171
 2.849    2.5798
 2.847    2.5768
 2.846    2.3540
 2.844    2.2788
 2.843    2.2606
 2.841    2.3785
 2.840    2.3912
 2.838    2.3510
 2.836    2.5605
 2.835    2.7279
 2.833    2.5612
 2.832    2.4674
 2.830    2.4262
 2.829    2.5134
 2.827    2.6767
 2.825    2.7692
 2.824    2.6625
 2.822    2.5891
 2.821    2.4641
 2.819    2.3657
 2.818    2.3861
 2.816    2.4832
 2.815    2.3373
 2.813    1.9398
 2.812    1.9501
 2.810    2.2094
 2.809    2.1633
 2.807    2.2693
 2.806    2.4677
 2.804    2.5074
 2.803    2.1780
 2.801    1.8814
 2.800    1.9542
 2.798    2.1733
 2.797    2.0774
 2.795    2.2229
 2.794    2.3655
 2.792    2.0829
 2.791    1.7446
 2.789    1.8506
 2.788    2.0769
 2.786    2.1498
 2.785    2.1660
 2.783    2.0858
 2.782    2.1854
 2.780    2.3175
 2.779    2.1066
 2.777    1.8215
 2.776    1.8849
 2.774    1.9849
 2.773    1.9790
 2.771    1.7784
 2.770    1.7730
 2.768    1.8193
 2.767    1.7912
 2.765    1.7677
 2.764    1.6816
 2.762    1.4816
 2.761    1.4084
 2.759    1.4057
 2.758    1.5018
 2.756    1.6365
 2.755    1.5455
 2.753    1.4705
 2.752    1.5634
 2.751    1.6213
 2.749    1.7638
 2.748    1.8471
 2.746    1.8106
 2.745    1.7388
 2.743    1.6658
 2.742    1.6476
 2.740    1.7726
 2.739    1.8890
 2.737    1.9468
 2.736    1.8605
 2.735    1.9047
 2.733    2.0752
 2.732    2.1995
 2.730    2.1029
 2.729    2.1627
 2.727    2.4007
 2.726    2.4737
 2.725    2.5013
 2.723    2.6640
 2.722    2.7919
 2.720    2.8958
 2.719    3.0701
 2.717    3.2325
 2.716    3.3472
 2.715    3.3321
 2.713    3.1374
 2.712    2.9344
 2.710    2.7662
 2.709    2.5064
 2.708    2.3201
 2.706    2.1842
 2.705    2.1626
 2.703    2.3892
 2.702    2.7802
 2.700    3.3084
 2.699    3.8541
 2.698    4.5356
 2.696    5.4675
 2.695    6.2955
 2.693    7.0197
 2.692    8.1603
 2.691    9.4224
 2.689   10.6081
 2.688   11.8520
 2.686   13.0577
 2.685   14.1763
 2.684   15.3590
 2.682   16.4328
 2.681   17.3179
 2.680   18.0315
 2.678   18.5973
 2.677   19.2498
 2.675   20.0287
 2.674   20.6880
 2.673   21.2511
 2.671   21.8388
 2.670   22.5860
 2.668   23.1169
 2.667   23.4177
 2.666   23.7633
 2.664   24.2368
 2.663   24.6729
 2.662   24.9634
 2.660   25.2821
 2.659   25.6260
 2.658   26.0199
 2.656   26.3317
 2.655   26.6794
 2.654   26.9309
 2.652   27.0951
 2.651   27.3972
 2.649   27.6275
 2.648   27.9017
 2.647   28.2262
 2.645   28.4185
 2.644   28.5473
 2.643   28.7918
 2.641   29.0501
 2.640   29.2188
 2.639   29.4409
 2.637   29.5566
 2.636   29.6561
 2.635   29.9386
 2.633   30.0986
 2.632   30.1451
 2.631   30.2776
 2.629   30.5985
 2.628   30.7141
 2.627   30.8407
 2.625   30.9909
 2.624   30.9656
 2.623   31.1263
 2.621   31.3341
 2.620   31.4362
 2.619   31.5169
 2.617   31.5411
 2.616   31.7647
 2.615   31.9277
 2.613   31.9433
 2.612   31.9798
 2.611   31.9908
 2.609   31.9925
 2.608   32.0695
 2.607   32.1011
 2.605   32.1997
 2.604   32.3185
 2.603   32.5072
 2.602   32.6856
 2.600   32.7909
 2.599   32.8020
 2.598   32.7489
 2.596   32.6711
 2.595   32.5414
 2.594   32.6520
 2.592   33.0132
 2.591   33.1700
 2.590   33.1364
 2.588   33.2051
 2.587   33.2995
 2.586   33.2813
 2.585   33.2536
 2.583   33.3057
 2.582   33.5026
 2.581   33.5793
 2.579   33.4918
 2.578   33.5140
 2.577   33.7187
 2.576   33.7734
 2.574   33.7073
 2.573   33.7572
 2.572   33.8806
 2.571   33.8910
 2.569   33.8726
 2.568   33.9644
 2.567   34.0948
 2.566   34.2140
 2.564   34.2537
 2.563   34.1687
 2.562   34.1152
 2.560   34.2047
 2.559   34.4651
 2.558   34.6685
 2.557   34.6725
 2.555   34.7636
 2.554   34.9030
 2.553   34.6907
 2.552   34.4857
 2.550   34.5515
 2.549   34.6328
 2.548   34.6341
 2.547   34.7675
 2.545   34.8410
 2.544   34.8102
 2.543   34.9048
 2.542   35.0285
 2.540   34.9826
 2.539   34.9813
 2.538   34.9642
 2.537   34.9691
 2.535   35.1196
 2.534   35.1836
 2.533   35.1372
 2.532   35.1850
 2.530   35.2041
 2.529   35.1817
 2.528   35.2226
 2.527   35.3392
 2.526   35.4114
 2.524   35.3102
 2.523   35.2724
 2.522   35.3366
 2.521   35.4596
 2.519   35.5441
 2.518   35.6158
 2.517   35.6059
 2.516   35.5660
 2.515   35.6198
 2.513   35.7571
 2.512   35.8163
 2.511   35.8206
 2.510   35.9768
 2.508   36.1022
 2.507   36.0066
 2.506   36.0348
 2.505   36.0595
 2.503   35.9951
 2.502   36.0758
 2.501   36.1410
 2.500   36.3209
 2.499   36.5835
 2.498   36.5370
 2.496   36.4172
 2.495   36.4919
 2.494   36.4181
 2.493   36.3245
 2.491   36.4585
 2.490   36.6898
 2.489   36.7334
 2.488   36.6981
 2.487   36.8297
 2.486   37.0146
 2.484   37.0655
 2.483   37.1372
 2.482   37.2705
 2.481   37.3288
 2.480   37.5030
 2.478   37.6141
 2.477   37.6216
 2.476   37.6535
 2.475   37.7507
 2.474   37.8454
 2.473   37.9223
 2.471   38.0157
 2.470   38.0769
 2.469   38.0902
 2.468   38.1606
 2.467   38.2589
 2.466   38.3469
 2.464   38.4663
 2.463   38.5100
 2.462   38.5127
 2.461   38.6332
 2.460   38.6873
 2.458   38.8111
 2.457   38.9118
 2.456   38.8710
 2.455   38.9982
 2.454   39.0630
 2.453   39.0737
 2.451   39.0909
 2.450   39.0841
 2.449   39.2073
 2.448   39.3329
 2.447   39.3673
 2.446   39.3659
 2.445   39.4903
 2.443   39.6352
 2.442   39.6951
 2.441   39.7553
 2.440   39.9227
 2.439   40.0849
 2.438   40.2069
 2.437   40.2596
 2.435   40.3629
 2.434   40.5371
 2.433   40.6116
 2.432   40.6853
 2.431   40.8881
 2.430   40.9906
 2.429   41.1024
 2.427   41.3679
 2.426   41.5451
 2.425   41.5950
 2.424   41.6059
 2.423   41.6710
 2.422   41.7796
 2.421   41.8999
 2.419   42.0568
 2.418   42.0921
 2.417   42.0873
 2.416   42.2760
 2.415   42.4239
 2.414   42.5468
 2.413   42.6276
 2.412   42.6812
 2.410   42.7225
 2.409   42.9170
 2.408   43.1083
 2.407   43.1004
 2.406   43.1710
 2.405   43.3208
 2.404   43.2997
 2.403   43.1878
 2.402   43.1709
 2.400   43.0808
 2.399   43.1763
 2.398   43.3302
 2.397   43.2081
 2.396   43.1899
 2.395   43.1617
 2.394   43.3158
 2.393   43.5267
 2.392   43.5213
 2.390   43.4742
 2.389   43.3847
 2.388   43.2669
 2.387   43.2821
 2.386   43.3613
 2.385   43.3610
 2.384   43.4346
 2.383   43.5376
 2.382   43.5309
 2.381   43.5900
 2.380   43.6471
 2.378   43.6980
 2.377   43.7928
 2.376   43.8661
 2.375   43.9973
 2.374   44.2279
 2.373   44.3671
 2.372   44.3550
 2.371   44.3469
 2.370   44.6124
 2.369   44.7529
 2.368   44.6911
 2.366   44.8178
 2.365   44.8670
 2.364   44.8255
 2.363   44.8922
 2.362   44.9924
 2.361   45.1123
 2.360   45.1664
 2.359   45.0619
 2.358   45.1501
 2.357   45.3135
 2.356   45.4562
 2.355   45.5729
 2.353   45.5646
 2.353   45.6018
 2.351   45.6948
 2.350   45.8126
 2.349   45.9003
 2.348   45.9192
 2.347   45.9722
 2.346   46.0814
 2.345   46.1720
 2.344   46.2311
 2.343   46.3500
 2.342   46.5024
 2.341   46.7222
 2.340   46.8922
 2.339   46.8772
 2.338   47.0279
 2.337   47.1116
 2.336   47.1847
 2.334   47.3407
 2.333   47.3779
 2.332   47.4693
 2.331   47.5239
 2.330   47.4840
 2.329   47.6368
 2.328   47.9248
 2.327   47.9907
 2.326   47.9360
 2.325   48.0747
 2.324   48.2015
 2.323   48.3298
 2.322   48.4350
 2.321   48.5123
 2.320   48.5333
 2.319   48.7073
 2.318   48.8571
 2.317   48.8211
 2.316   48.8184
 2.315   48.9052
 2.314   49.0283
 2.313   49.1768
 2.312   49.1788
 2.311   49.1909
 2.309   49.2734
 2.309   49.3467
 2.308   49.5013
 2.306   49.5985
 2.305   49.7444
 2.304   49.8671
 2.303   49.8488
 2.302   49.9336
 2.301   50.0645
 2.300   50.1049
 2.299   50.1866
 2.298   50.2340
 2.297   50.1423
 2.296   50.3121
 2.295   50.4407
 2.294   50.3899
 2.293   50.3964
 2.292   50.4503
 2.291   50.4178
 2.290   50.5128
 2.289   50.5972
 2.288   50.5756
 2.287   50.6987
 2.286   50.7558
 2.285   50.6557
 2.284   50.7923
 2.283   50.9281
 2.282   50.9891
 2.281   50.9879
 2.280   50.9915
 2.279   51.0340
 2.278   51.0614
 2.277   51.1736
 2.276   51.2957
 2.275   51.2738
 2.274   51.2077
 2.273   51.2858
 2.272   51.4146
 2.271   51.3628
 2.270   51.3455
 2.269   51.2644
 2.268   51.2452
 2.267   51.2723
 2.266   51.2449
 2.265   51.2824
 2.264   51.2408
 2.263   51.0814
 2.262   51.0669
 2.261   51.0725
 2.260   50.9463
 2.259   50.8547
 2.258   50.7693
 2.257   50.7040
 2.256   50.7249
 2.255   50.7619
 2.254   50.7004
 2.253   50.6738
 2.252   50.5607
 2.251   50.3870
 2.250   50.3094
 2.249   50.3494
 2.248   50.3843
 2.247   50.2901
 2.247   50.3068
 2.245   50.3261
 2.244   50.1330
 2.244   50.0195
 2.243   50.0554
 2.242   49.9553
 2.241   49.7939
 2.240   49.7892
 2.239   49.9243
 2.238   49.9728
 2.237   49.8305
 2.236   49.7827
 2.235   49.8400
 2.234   49.8172
 2.233   49.8542
 2.232   49.7866
 2.231   49.7182
 2.230   49.5688
 2.229   49.6200
 2.228   49.5892
 2.227   49.5614
 2.226   49.4336
 2.225   49.3451
 2.224   49.3550
 2.223   49.0872
 2.222   48.8462
 2.221   48.7986
 2.220   48.6999
 2.220   48.5997
 2.219   48.4658
 2.218   48.1333
 2.217   47.8187
 2.216   47.5122
 2.215   47.2823
 2.214   46.8488
 2.213   46.1674
 2.212   45.6096
 2.211   44.9478
 2.210   44.3178
 2.209   44.1606
 2.208   44.3127
 2.207   44.7358
 2.206   45.1063
 2.205   45.4453
 2.204   45.8473
 2.204   46.3025
 2.203   46.7465
 2.202   47.1275
 2.201   47.4229
 2.200   47.6592
 2.199   47.8629
 2.198   48.0321
 2.197   48.2953
 2.196   48.4082
 2.195   48.4341
 2.194   48.6029
 2.193   48.7809
 2.192   48.8495
 2.191   48.9172
 2.191   49.0161
 2.189   49.3597
 2.189   49.5718
 2.188   49.7254
 2.187   49.8671
 2.186   49.9862
 2.185   50.0553
 2.184   50.0659
 2.183   50.1633
 2.182   50.3968
 2.181   50.5308
 2.180   50.6063
 2.179   50.7199
 2.179   50.8549
 2.178   50.8919
 2.177   50.9564
 2.176   50.9730
 2.175   51.0653
 2.174   51.1202
 2.173   51.2683
 2.172   51.3682
 2.171   51.3129
 2.170   51.2973
 2.169   51.4389
 2.168   51.3970
 2.168   51.4773
 2.167   51.7054
 2.166   51.6851
 2.165   51.6794
 2.164   51.7285
 2.163   51.8757
 2.162   51.9630
 2.161   51.9410
 2.160   52.1643
 2.160   52.3487
 2.159   52.4670
 2.158   52.5640
 2.157   52.6187
 2.156   52.6333
 2.155   52.7787
 2.154   52.8884
 2.153   52.9844
 2.152   53.1123
 2.151   53.3165
 2.151   53.6232
 2.150   53.7847
 2.149   53.8425
 2.148   54.0281
 2.147   54.2751
 2.146   54.3791
 2.145   54.3985
 2.144   54.5835
 2.143   54.7045
 2.143   54.8005
 2.142   54.8819
 2.141   54.9446
 2.140   54.9365
 2.139   54.9054
 2.138   54.9800
 2.137   55.0035
 2.136   55.0836
 2.135   55.1447
 2.135   55.1446
 2.134   55.2189
 2.133   55.2272
 2.132   55.1672
 2.131   55.2160
 2.130   55.2531
 2.129   55.2371
 2.128   55.1972
 2.128   55.1224
 2.127   55.2454
 2.126   55.2698
 2.125   55.1439
 2.124   55.3674
 2.123   55.6168
 2.122   55.6486
 2.122   55.5534
 2.121   55.4695
 2.120   55.3885
 2.119   55.3347
 2.118   55.3503
 2.117   55.3090
 2.116   55.1714
 2.115   55.1888
 2.115   55.2749
 2.114   55.1963
 2.113   55.2371
 2.112   55.3399
 2.111   55.2676
 2.110   55.2906
 2.109   55.3941
 2.108   55.3690
 2.108   55.2466
 2.107   55.2244
 2.106   55.3807
 2.105   55.4432
 2.104   55.2889
 2.103   55.3716
 2.103   55.4706
 2.102   55.5209
 2.101   55.5351
 2.100   55.3824
 2.099   55.3253
 2.098   55.3620
 2.097   55.3379
 2.097   55.1665
 2.096   55.1028
 2.095   55.2345
 2.094   55.3737
 2.093   55.5395
 2.092   55.3428
 2.091   55.2318
 2.091   55.1543
 2.090   55.0094
 2.089   55.0939
 2.088   55.1212
 2.087   55.0344
 2.087   54.9850
 2.086   55.0150
 2.085   54.9560
 2.084   55.2235
 2.083   55.5172
 2.082   55.6267
 2.081   55.3319
 2.081   55.0385
 2.080   55.0076
 2.079   55.0395
 2.078   55.1022
 2.077   55.3085
 2.076   55.1982
 2.076   55.1254
 2.075   55.1744
 2.074   55.1737
 2.073   54.9229
 2.072   54.6878
 2.071   54.9079
 2.071   55.2233
 2.070   55.0282
 2.069   55.1978
 2.068   55.3742
 2.067   55.1408
 2.067   55.0927
 2.066   54.8876
 2.065   54.7765
 2.064   55.2871
 2.063   55.2180
 2.062   54.6935
 2.062   54.6550
 2.061   54.8882
 2.060   54.8107
 2.059   54.6839
 2.058   54.7436
 2.058   54.8016
 2.057   54.7088
 2.056   54.6949
 2.055   54.8118
 2.054   54.6661
 2.053   54.6402
 2.053   54.7658
 2.052   54.6778
 2.051   54.4958
 2.050   54.3610
 2.049   54.4240
 2.049   54.4086
 2.048   54.4236
 2.047   54.3523
 2.046   54.2153
 2.045   54.3224
 2.045   54.3888
 2.044   54.2745
 2.043   54.2566
 2.042   54.2671
 2.041   54.2045
 2.041   53.9959
 2.040   54.0046
 2.039   54.0413
 2.038   53.8220
 2.037   53.7914
 2.037   53.9890
 2.036   54.0522
 2.035   53.8732
 2.034   53.7899
 2.033   53.8024
 2.033   53.6287
 2.032   53.6031
 2.031   53.6599
 2.030   53.6147
 2.029   53.5440
 2.029   53.3808
 2.028   53.3316
 2.027   53.3575
 2.026   53.3266
 2.025   53.2551
 2.025   53.2196
 2.024   53.1518
 2.023   53.0505
 2.022   52.8742
 2.021   52.7754
 2.021   52.9212
 2.020   52.8927
 2.019   52.8143
 2.018   52.6989
 2.017   52.5007
 2.017   52.4802
 2.016   52.5252
 2.015   52.3814
 2.014   52.3372
 2.014   52.3433
 2.013   52.2583
 2.012   52.2853
 2.011   52.2231
 2.010   52.0508
 2.010   51.9447
 2.009   51.9264
 2.008   51.9942
 2.007   51.9000
 2.007   51.6803
 2.006   51.3923
 2.005   51.2955
 2.004   51.3339
 2.003   51.3412
 2.003   51.3790
 2.002   51.3901
 2.001   51.2975
 2.000   51.1022
